9737364
12829635
9671571
8816262
8816262
9408399
8355711
9211020
10395294
9868950
9079434
8882055
9013641
10987431
7368816
9276813
9803157
9211020
10526880
9934743
10066329
8421504
10066329
8553090
8355711
11119017
10921638
9671571
12829635
9211020
8882055
9145227
10724259
9276813
8224125
8684676
9013641
8947848
9474192
9474192
9737364
10461087
11053224
11382189
8882055
7829367
8421504
11974326
7763574
8750469
9079434
9934743
9539985
10066329
8224125
9605778
8355711
8618883
9276813
9934743
9408399
9145227
10987431
8224125
10658466
8618883
11382189
8618883
11316396
11447982
8947848
11316396
12237498
7697781
8421504
10987431
11250603
8289918
8947848
9276813
10066329
10000536
7895160
10921638
8487297
9868950
9803157
10197915
8882055
9803157
8947848
8618883
7895160
8947848
9342606
9737364
8289918
10263708
10855845
9474192
9605778
8618883
9079434
8355711
8684676
8882055
11908533
11316396
9539985
10987431
9934743
9408399
9408399
8882055
10329501
9145227
9474192
8158332
10790052
8684676
9934743
11382189
8882055
8487297
9408399
10526880
8355711
11119017
10987431
10197915
11974326
11184810
11316396
8487297
11382189
10263708
11776947
11184810
8553090
9605778
8750469
9671571
10395294
8289918
9934743
8553090
12040119
9276813
9211020
10000536
11184810
8421504
8882055
9539985
9605778
11119017
9342606
11776947
9408399
8487297
10197915
10395294
9934743
10855845
8553090
11974326
9342606
9671571
12632256
7960953
10987431
8618883
9408399
8947848
9934743
9408399
8684676
11382189
8816262
10724259
9934743
8684676
9605778
9013641
9934743
9605778
9211020
8092539
11776947
8355711
8224125
9079434
12237498
9934743
8487297
9079434
10066329
9539985
8750469
8026746
9079434
9539985
9079434
8224125
10461087
10855845
7960953
9934743
8487297
11053224
7763574
9605778
8224125
10066329
8487297
12829635
10592673
9671571
11053224
10197915
10526880
8947848
11053224
11447982
10724259
10592673
12632256
8092539
11776947
11250603
9737364
9671571
8289918
9803157
9803157
8882055
11119017
10329501
9145227
7960953
8750469
9868950
8947848
9013641
10790052
10000536
9737364
9671571
9342606
12566463
8158332
11119017
8684676
9474192
8947848
10395294
9408399
9408399
9408399
9408399
8355711
7631988
7631988
8355711
7631988
6842472
7631988
7631988
8355711
8355711
8355711
8355711
8355711
8355711
7631988
8355711
7631988
8355711
8355711
8355711
8355711
8355711
8355711
6842472
6842472
7631988
8355711
7631988
8355711
7631988
6842472
6842472
7631988
7631988
7631988
6842472
7631988
7631988
7631988
8355711
8355711
8355711
8355711
8355711
8355711
8355711
9408399
9408399
8355711
9408399
8355711
8355711
9408399
9408399
8355711
8355711
8355711
7631988
7631988
7631988
7631988
8355711
8355711
7631988
7631988
7631988
8355711
7631988
8355711
9408399
9408399
9408399
9408399
7631988
8355711
8355711
8355711
9408399
8355711
8355711
8355711
8355711
8355711
8355711
8355711
7631988
7631988
6842472
7631988
6842472
7631988
9408399
7631988
8355711
8355711
9408399
9408399
9408399
7631988
9408399
9408399
7631988
7631988
7631988
8355711
8355711
8355711
8355711
7631988
7631988
6842472
6842472
7631988
6842472
7631988
7631988
8355711
8355711
7631988
7631988
7631988
8355711
8355711
8355711
9408399
9408399
9408399
8355711
9408399
8355711
8355711
9408399
9408399
9408399
8355711
8355711
8355711
8355711
8355711
7631988
8355711
8355711
9408399
8355711
8355711
8355711
9408399
9408399
9408399
8355711
8355711
9408399
9408399
9408399
9408399
8355711
6842472
8355711
7631988
8355711
7631988
7631988
6842472
6842472
7631988
8355711
7631988
8355711
8355711
7631988
7631988
7631988
8355711
8355711
8355711
8355711
8355711
9408399
9408399
8355711
8355711
8355711
8355711
8355711
9408399
9408399
8355711
9408399
8355711
7631988
7631988
7631988
8355711
9408399
8355711
7631988
7631988
8355711
8355711
6842472
6842472
7631988
6842472
7631988
9408399
9408399
8355711
7631988
7631988
8355711
8355711
7631988
7631988
7631988
8355711
8355711
7631988
7631988
7631988
9408399
8355711
7631988
7631988
8355711
8355711
8355711
8355711
8355711
8355711
8355711
8355711
8355711
9408399
9408399
9408399
9408399
8355711
8355711
8355711
8355711
8355711
8355711
7631988
7631988
8355711
9408399
9408399
8355711
8355711
7631988
8355711
8355711
12158300
9858122
9858122
7951674
7951674
12158300
9858122
9858122
7951674
7951674
5848361
7951674
7951674
12158300
7951674
12158300
7951674
9858122
5848361
7951674
7951674
9858122
8882055
5848361
7951674
12158300
9858122
7951674
12158300
9858122
5848361
5848361
12158300
7951674
7951674
5848361
12158300
7951674
7951674
7951674
12158300
7951674
7951674
7951674
5848361
5848361
12158300
7951674
9858122
7105644
12158300
7951674
9858122
5848361
7951674
12158300
9858122
9858122
7951674
9858122
7951674
12158300
9858122
7951674
9858122
7951674
9858122
12158300
5848361
9858122
7951674
7951674
9858122
5848361
7951674
7105644
7951674
9858122
5848361
7951674
7951674
5848361
9858122
9858122
7951674
9858122
5848361
5848361
5848361
7951674
7951674
5848361
7951674
7951674
7951674
12158300
12158300
7951674
7951674
7951674
8882055
7951674
7951674
12158300
12158300
7951674
12158300
12158300
7951674
9858122
7951674
9858122
7951674
7951674
12158300
12158300
9858122
9858122
7951674
7951674
9858122
5848361
9858122
9858122
7951674
7951674
9858122
9858122
9858122
7951674
7951674
9858122
7951674
9858122
7951674
5848361
7951674
9858122
9858122
7951674
7951674
7951674
5848361
7951674
7951674
9858122
5848361
7951674
7951674
5848361
5848361
7951674
7951674
7951674
7951674
7951674
12158300
12158300
7951674
9858122
7951674
9858122
7951674
12158300
12158300
7951674
12158300
9858122
5848361
12158300
12158300
5848361
9858122
9858122
8882055
7951674
9858122
7951674
7951674
9858122
9858122
12158300
7951674
9858122
7105644
9858122
9858122
7951674
5848361
9858122
7951674
5848361
7951674
5848361
9858122
7951674
9858122
9858122
12158300
7951674
7951674
7951674
7951674
7951674
7951674
7951674
12158300
12158300
7951674
9858122
7951674
7951674
7624772
7951674
9858122
9858122
7951674
5848361
12158300
5848361
7951674
12158300
9858122
9858122
9858122
7951674
5848361
12158300
7951674
5848361
7951674
5848361
12158300
12158300
7951674
9858122
7951674
7951674
9858122
9858122
9858122
7951674
12158300
9858122
9858122
7951674
8882055
7951674
9858122
9858122
7951674
7951674
9858122
9858122
7951674
5848361
5339974
4548923
4746558
4417082
5339974
4548923
5339974
4746558
4746558
5010497
5339974
5010497
5603913
4087349
5010497
4746558
5339974
4417082
5339974
4548923
5603913
5848361
5339974
4087606
5603913
4746558
5339974
4614973
5339974
4417082
5339974
4416825
4746558
5848361
5603913
4153398
5339974
5848361
4548923
5848361
5339974
5010497
4746558
5471815
5848361
3757873
4746558
5848361
5848361
7105644
5848361
5848361
4549180
5848361
5848361
5848361
4021556
5848361
4417338
5848361
7951674
5848361
5848361
7951674
9858122
7951674
9858122
12158300
5848361
9858122
7951674
7951674
5848361
5848361
5848361
7105644
7951674
9858122
5848361
7951674
7951674
5848361
9858122
9858122
7951674
9858122
5848361
5848361
5848361
7951674
7951674
5848361
7951674
7951674
7951674
12158300
12158300
7951674
7951674
7951674
8882055
7951674
7951674
12158300
12158300
7951674
12158300
12158300
7951674
9858122
7951674
9858122
7951674
7951674
12158300
12158300
9858122
9858122
7951674
7951674
9858122
5848361
9858122
9858122
7951674
7951674
9858122
9858122
9858122
7951674
7951674
9858122
7951674
9858122
7951674
5848361
7951674
9858122
9858122
7951674
7951674
7951674
5848361
7951674
7951674
9858122
5848361
7951674
7951674
5848361
5848361
7951674
7951674
7951674
7951674
7951674
12158300
12158300
7951674
9858122
7951674
9858122
7951674
12158300
12158300
7951674
12158300
9858122
5848361
12158300
12158300
5848361
9858122
9858122
8882055
7951674
9858122
7951674
7951674
9858122
9858122
12158300
7951674
9858122
7105644
9858122
9858122
7951674
5848361
9858122
7951674
5848361
7951674
5848361
9858122
7951674
9858122
9858122
12158300
7951674
7951674
7951674
7951674
7951674
7951674
7951674
12158300
12158300
7951674
9858122
7951674
7951674
7624772
7951674
9858122
9858122
7951674
5848361
12158300
5848361
7951674
12158300
9858122
9858122
9858122
7951674
5848361
12158300
7951674
5848361
7951674
5848361
12158300
12158300
7951674
9858122
7951674
7951674
9858122
9858122
9858122
7951674
12158300
9858122
9858122
7951674
8882055
7951674
9858122
9858122
7951674
7951674
9858122
9858122
7951674
5848361
12096607
11505493
12096607
12754274
12754274
12754274
12754274
12754274
12096607
12754274
12754274
12754274
12754274
12754274
12096607
9860161
12096607
12096607
11505493
11505493
9860161
10454093
11505493
12096607
12096607
12096607
11505493
11505493
12096607
12096607
10454093
10454093
11505493
12096607
12096607
12096607
11505493
12096607
11505493
10454093
10454093
10454093
10454093
11505493
11505493
12096607
12096607
9860161
9860161
8282679
8282679
9860161
9860161
8282679
6770732
6770732
8282679
8282679
6770732
8282679
6770732
6770732
8282679
6770732
12096607
12754274
10454093
12754274
12754274
12754274
12754274
10454093
12754274
12754274
12754274
12096607
11505493
11505493
10454093
12096607
11505493
12096607
12096607
11505493
10454093
11505493
10454093
9860161
10454093
11505493
11505493
12096607
12096607
12096607
12096607
11505493
10454093
10454093
11505493
12096607
11505493
11505493
11505493
9860161
12096607
12096607
12096607
11505493
11505493
10454093
10454093
10454093
6770732
6770732
8282679
8282679
9860161
8282679
6770732
6770732
6770732
6770732
8282679
8282679
8282679
9860161
8282679
6770732
12096607
12754274
12754274
12096607
11505493
11505493
12754274
12754274
12754274
12754274
12754274
12754274
12754274
12754274
12096607
10454093
12096607
11505493
12096607
12096607
12096607
12096607
11505493
10454093
10454093
10454093
11505493
10454093
11505493
10454093
10454093
9860161
12754274
12096607
11505493
11505493
10454093
10454093
10454093
10454093
11505493
11505493
11505493
11505493
10454093
10454093
12096607
10454093
6770732
6770732
8282679
9860161
9860161
8282679
6770732
6770732
6770732
8282679
9860161
8282679
8282679
6770732
6770732
6770732
12754274
10454093
12096607
12754274
12754274
12096607
12096607
10454093
12754274
12754274
12754274
10454093
12754274
12096607
12754274
12754274
11505493
11505493
12096607
12096607
10454093
10454093
11505493
10454093
10454093
12096607
12096607
11505493
12096607
11505493
11505493
11505493
11505493
10454093
10454093
11505493
12096607
11505493
10454093
9860161
12096607
12096607
11505493
10454093
10454093
10454093
10454093
10454093
6770732
8282679
8282679
6770732
6770732
8282679
9860161
9860161
9860161
8282679
6770732
8282679
6770732
6770732
6770732
6770732
7236973
6381921
10921638
10921638
5395026
6381921
6381921
10921638
11908533
10921638
8947592
6381921
8947592
11908533
10921638
8947592
6381921
10921638
11908533
8947592
8947592
5395026
11908533
11908533
10921638
8947592
8947592
5395026
6381921
8947592
7236973
8947592
6381921
10921638
8947592
10921638
7236973
6381921
10921638
8947592
8947592
10921638
7236973
6381921
5395026
6381921
8947592
7236973
6381921
6381921
8947592
7236973
6381921
6381921
8947592
7236973
8947592
7236973
6381921
8947592
10921638
8947592
6381921
5395026
5395026
7236973
6381921
8947592
11908533
10921638
6381921
8947592
6381921
6381921
11908533
10921638
10921638
10921638
8947592
6381921
11908533
7236973
10921638
11908533
8947592
8947592
7236973
6381921
5395026
8947592
8947592
11908533
10921638
8947592
7236973
8947592
10921638
8947592
6381921
8947592
10921638
8947592
8947592
7236973
6381921
6381921
7236973
10921638
8947592
7236973
6381921
11908533
8947592
8947592
7236973
7236973
8947592
8947592
7236973
6381921
8947592
11908533
10921638
6381921
7236973
8947592
6381921
8947592
7236973
6381921
11908533
10921638
7236973
7236973
6381921
8947592
11908533
8947592
8947592
8947592
6381921
6381921
5395026
7236973
6381921
11908533
10921638
8947592
7236973
8947592
7236973
7236973
8947592
8947592
6381921
7236973
6381921
8947592
10921638
6381921
8947592
7236973
8947592
7236973
8947592
6381921
6381921
5395026
6381921
7236973
7236973
6381921
5395026
10921638
10921638
11908533
8947592
7236973
7236973
6381921
6381921
7236973
8947592
11908533
10921638
6381921
6381921
5395026
8947592
11908533
11908533
8947592
7236973
8947592
11908533
10921638
7236973
6381921
11908533
10921638
8947592
10921638
7236973
6381921
8947592
8947592
7236973
8947592
6381921
11908533
10921638
8947592
8947592
6381921
10921638
8947592
7236973
8947592
8947592
7236973
6381921
6381921
8947592
7236973
10921638
10921638
8947592
7236973
8947592
7236973
6381921
7236973
8947592
8947592
7236973
6381921
10921638
8947592
6381921
6381921
6381921
8947592
6381921
6381921
7236973
8947592
7236973
6381921
7236973
6381921
6381921
8947592
11908533
10921638
8947592
7236973
6513507
3355443
3355443
3355443
3355443
5723991
9934743
6513507
5723991
9934743
5723991
3355443
3355443
5723991
3355443
5723991
3355443
6513507
6513507
9934743
6513507
9934743
6513507
9934743
3355443
9934743
9934743
6513507
2236962
3355443
5723991
3355443
3355443
2236962
3355443
3355443
2236962
3355443
3355443
3355443
9934743
3355443
5723991
5723991
5723991
9934743
5723991
6513507
5723991
9934743
6513507
6513507
5723991
2236962
5723991
9934743
5723991
5723991
3355443
3355443
3355443
3355443
3355443
5723991
2236962
3355443
9934743
3355443
3355443
3355443
3355443
5723991
3355443
3355443
6513507
9934743
9934743
6513507
6513507
3355443
3355443
5723991
5723991
5723991
3355443
5723991
5723991
3355443
3355443
2236962
5723991
5723991
3355443
3355443
2236962
3355443
9934743
9934743
6513507
5723991
6513507
9934743
9934743
6513507
5723991
6513507
9934743
9934743
6513507
9934743
3355443
2236962
5723991
5723991
5723991
3355443
5723991
5723991
5723991
3355443
3355443
2236962
3355443
3355443
5723991
3355443
6513507
5723991
6513507
9934743
9934743
5723991
3355443
3355443
5723991
5723991
6513507
9934743
9934743
6513507
9934743
9934743
9934743
9934743
5723991
3355443
3355443
2236962
3355443
5723991
3355443
5723991
3355443
6513507
5723991
3355443
3355443
3355443
9934743
6513507
6513507
6513507
9934743
3355443
6513507
9934743
9934743
3355443
2236962
3355443
9934743
9934743
9934743
6513507
3355443
3355443
2236962
5723991
5723991
5723991
3355443
3355443
5723991
6513507
9934743
9934743
5723991
6513507
6513507
9934743
9934743
2236962
5723991
3355443
3355443
3355443
6513507
5723991
3355443
3355443
6513507
9934743
3355443
3355443
3355443
3355443
3355443
5723991
6513507
9934743
6513507
9934743
5723991
2236962
5723991
3355443
3355443
3355443
2236962
3355443
5723991
6513507
9934743
9934743
6513507
6513507
5723991
3355443
3355443
5723991
3355443
3355443
5723991
6513507
9934743
9934743
5723991
3355443
3355443
5723991
3355443
2236962
3355443
3355443
2236962
9934743
9934743
6513507
3355443
5723991
6513507
2236962
3355443
3355443
5723991
6513507
15197371
14340003
14340003
14932912
14340003
14009494
14932912
14340003
14932912
14340003
14009494
14932912
14340003
14932912
14009494
14932912
14009494
14340003
14340003
14009494
14340003
14009494
14009494
14932912
13744778
14009494
15197371
14340003
15592395
13744778
14340003
15197371
14932912
14340003
13744778
14009494
14009494
15197371
14340003
14340003
14340003
14340003
14340003
14009494
14340003
14009494
14009494
14340003
14340003
14932912
14932912
14009494
14340003
14009494
14932912
14009494
14932912
14932912
14009494
14932912
14340003
14009494
14340003
14340003
14009494
14340003
15592395
14340003
14009494
14932912
14340003
14932912
14340003
14932912
14340003
14340003
14009494
14340003
14340003
14932912
14340003
14009494
14340003
14340003
14932912
14932912
14932912
14340003
14009494
14340003
14932912
14009494
14340003
14340003
14009494
14340003
14009494
15197371
14340003
14009494
14009494
15592395
14009494
14340003
14009494
14009494
13744778
14340003
14340003
14009494
14340003
14009494
14340003
14009494
14340003
14340003
14009494
14340003
14340003
14009494
14340003
14009494
14009494
14009494
14340003
15197371
14340003
14009494
14009494
14340003
14932912
14340003
14340003
14932912
14009494
13744778
14009494
14932912
14009494
14340003
14932912
14340003
14009494
14340003
15197371
14340003
14009494
14340003
14340003
14340003
14009494
14009494
14340003
13744778
14340003
14009494
14340003
14340003
14932912
14009494
14340003
13744778
14340003
14932912
14340003
14009494
14340003
14932912
14340003
14340003
14932912
14340003
13744778
14009494
14340003
14932912
14009494
14009494
14340003
14340003
14932912
14340003
14009494
14340003
14932912
14932912
14009494
14009494
14009494
14340003
14009494
14340003
14009494
14340003
14009494
14932912
14009494
14932912
14340003
14009494
15197371
15592395
14932912
14340003
14009494
14009494
14340003
14932912
14932912
14340003
14932912
14340003
14932912
13744778
14340003
14932912
14340003
14932912
14340003
14932912
14340003
14340003
14009494
14340003
14340003
14932912
14340003
14932912
15592395
14932912
14932912
14340003
14932912
14340003
14932912
14340003
13744778
14932912
14340003
14340003
14932912
14340003
14932912
14340003
14932912
14932912
14340003
14932912
14340003
14009494
14340003
14340003
14932912
14340003
14932912
14340003
6576987
9011582
9866894
7498601
7498601
9934743
8486783
9934743
7498601
8486783
7498601
8486783
8486783
9934743
8486783
7498601
9934743
8486783
8486783
7498601
8486783
8486783
9011582
7498601
8486783
7498601
6576987
8486783
9011582
9011582
9011582
9934743
8486783
8486783
7498601
6576987
9011582
7498601
9011582
9011582
9934743
8486783
8486783
9011582
9934743
7498601
9011582
9934743
8486783
8486783
9011582
8486783
9011582
8486783
7498601
9934743
8486783
8486783
9934743
7498601
8486783
9011582
8486783
8486783
7498601
9011582
8486783
11641506
9866894
7498601
7498601
8486783
8486783
8486783
7498601
6576987
8486783
9934743
9011582
8486783
6576987
8486783
7498601
9866894
6576987
7498601
9011582
9011582
9934743
8486783
11579054
9934743
9934743
8486783
8486783
7498601
9011582
7498601
6576987
9866894
8486783
8486783
11579054
9934743
7498601
9934743
9934743
9011582
6576987
7498601
8486783
8486783
9934743
9934743
9011582
8486783
9934743
9011582
9934743
8486783
8486783
9011582
7498601
7498601
8486783
8486783
9934743
9011582
9934743
9011582
9934743
8486783
7498601
8486783
8486783
9011582
9011582
7498601
6576987
8486783
9934743
11579054
7498601
8486783
8486783
9011582
7498601
7498601
11579054
9934743
8486783
7498601
9934743
8486783
9011582
8486783
8486783
7498601
9011582
8486783
7498601
8486783
9011582
9934743
9934743
9011582
7498601
6576987
8486783
9934743
8486783
7498601
9011582
8486783
9934743
6576987
8486783
8486783
9934743
9011582
9011582
9934743
11579054
8486783
7498601
7498601
9011582
8486783
8486783
9934743
8486783
7498601
8486783
7498601
9011582
8486783
8486783
8486783
8486783
9934743
9011582
11641506
9866894
7498601
9934743
9934743
8486783
9934743
9011582
9011582
7498601
6576987
8486783
9934743
8486783
9011582
8486783
9866894
8486783
8486783
8486783
7498601
9934743
8486783
9011582
9934743
9011582
8486783
9011582
9011582
7498601
7498601
8486783
9866894
9011582
9011582
7498601
6576987
9011582
9934743
7498601
8486783
11641506
9866894
7498601
8486783
8486783
8486783
9011582
8486783
9011582
8486783
7498601
8486783
7498601
8486783
7625270
4996390
9531714
7625270
7625270
3681048
9531714
7625270
7625270
3681048
7625270
9531714
4996390
9531714
7625270
6244907
7625270
4996390
9992265
6244907
7625270
3681048
9992265
6244907
7625270
3681048
7625270
9531714
4996390
7625270
7625270
6244907
7625270
3681048
6244907
6244907
7625270
3681048
9992265
6244907
7625270
4996390
7625270
4996390
4996390
7625270
7625270
6244907
9531714
3681048
7625270
6244907
7625270
4996390
7625270
6244907
7625270
6244907
7625270
3681048
4996390
7625270
9531714
6244907
9531714
4996390
7625270
6244907
7625270
3681048
7625270
6244907
9992265
6244907
7625270
6244907
7625270
4996390
9531714
7625270
9531714
7625270
4996390
7625270
9531714
4996390
7625270
4996390
9992265
6244907
9531714
4996390
7625270
4996390
9531714
7625270
6244907
7625270
4996390
7625270
9531714
6244907
6244907
7625270
9531714
7625270
9531714
7625270
7625270
4996390
9531714
7625270
6244907
7625270
3681048
7625270
9531714
7625270
6244907
9531714
7625270
7625270
9531714
6244907
7625270
6244907
9531714
7625270
7625270
4996390
3681048
9992265
7625270
7625270
6244907
9531714
7625270
6244907
9531714
6244907
9531714
6244907
9531714
7625270
7625270
7625270
4996390
9992265
7625270
7625270
6244907
7625270
7625270
6244907
9531714
4996390
9531714
7625270
3681048
7625270
7625270
7625270
7625270
9531714
7625270
6244907
7625270
3681048
7625270
6244907
7625270
4996390
9531714
7625270
3681048
7625270
7625270
4996390
7625270
9531714
7625270
6244907
7625270
3681048
9992265
7625270
7625270
3681048
9992265
7625270
4996390
7625270
9992265
4996390
7625270
7625270
9531714
6244907
9531714
3681048
9992265
6244907
7625270
3681048
7625270
7625270
6244907
7625270
9992265
7625270
4996390
7625270
9531714
7625270
7625270
4996390
9531714
6244907
7625270
4996390
7625270
7625270
7625270
7625270
9531714
7625270
4996390
9531714
7625270
7625270
9531714
3681048
7625270
4996390
7625270
4996390
4996390
9531714
7625270
7625270
9531714
7625270
4996390
9531714
4996390
7625270
9531714
4996390
7625270
4996390
7625270
7625270
4996390
9531714
7625270
6244907
6244907
4996390
6244907
7625270
6244907
4996390
6244907
6244907
7625270
4996390
6244907
6244907
4996390
6244907
6244907
6244907
4996390
12096607
12096607
12096607
12096607
11505493
12096607
11505493
12754274
11505493
11505493
12096607
12096607
12096607
12096607
4996390
6244907
12096607
8282679
8282679
9860161
9860161
10454093
9860161
10454093
10454093
10454093
10454093
9860161
9860161
12754274
6244907
6244907
12096607
8282679
12754274
12754274
12096607
12096607
12096607
12096607
11505493
12096607
12096607
12096607
9860161
12096607
6244907
6244907
11505493
9860161
12096607
11505493
11505493
11505493
11505493
11505493
11505493
11505493
11505493
12096607
10454093
11505493
6244907
4996390
12096607
10454093
12096607
11505493
9860161
9860161
10454093
10454093
9860161
9860161
11505493
12096607
9860161
11505493
4996390
6244907
11505493
9860161
11505493
11505493
8282679
11505493
11505493
11505493
11505493
9860161
11505493
11505493
9860161
12096607
6244907
6244907
11505493
10454093
12096607
11505493
9860161
11505493
10454093
10454093
11505493
10454093
11505493
12096607
10454093
11505493
6244907
6244907
11505493
10454093
12096607
11505493
9860161
11505493
10454093
9860161
11505493
9860161
11505493
12096607
9860161
11505493
6244907
4996390
11505493
10454093
12096607
11505493
9860161
11505493
11505493
11505493
11505493
10454093
11505493
11505493
9860161
11505493
4996390
6244907
11505493
9860161
12096607
11505493
9860161
9860161
8282679
9860161
10454093
10454093
11505493
12096607
10454093
11505493
6244907
6244907
11505493
10454093
12096607
11505493
11505493
11505493
11505493
11505493
11505493
11505493
11505493
12096607
9860161
11505493
6244907
4996390
12096607
10454093
12096607
12096607
11505493
12096607
12096607
12096607
12096607
12096607
12754274
12096607
9860161
11505493
4996390
6244907
12096607
10454093
9860161
10454093
9860161
9860161
9860161
9860161
9860161
9860161
9860161
9860161
9860161
12096607
6244907
6244907
12096607
12096607
12096607
11505493
11505493
12096607
11505493
11505493
12754274
11505493
11505493
12096607
12096607
12096607
6244907
6244907
4996390
6244907
6244907
6244907
4996390
6244907
6244907
7625270
4996390
6244907
6244907
4996390
7625270
6244907
6244907
4603442
4274991
4274991
4274991
4274991
4603442
4603442
4537649
4274991
4603442
4603442
4603442
4603442
4603442
4603442
3354149
4603442
11237677
10777127
10972703
10777127
10777127
9398557
9398557
9398557
9398557
9398557
10777127
9398557
10777127
11237677
2630685
4603442
11237677
9398557
9398557
9398557
9398557
10777127
10777127
11237677
11237677
11237677
10777127
10972703
11237677
11237677
2630685
4471856
10644259
10644259
10972703
10972703
10972703
10972703
10972703
10972703
10972703
10644259
10644259
10644259
10644259
10972703
2762013
4603442
8347426
8347426
8347426
8347426
9792558
9792558
8347426
9792558
8347426
8347426
9593635
9463338
9463338
9463338
2827807
4274991
3354149
3551013
3551270
3551270
3551270
3617063
3354149
3551270
3551270
3551270
3551270
3354149
3354149
3354149
2038807
4603442
7821872
7821872
7558702
7821872
7821872
7821872
6902313
6902313
6902313
7689257
7821872
7821872
7821872
7821872
2827807
4537391
9593635
9330982
9330982
9330982
9330982
9330982
9593635
9593635
9593635
9330982
9330982
9330982
9330982
8543014
2762013
4603442
11237677
11237677
11237677
11237677
10972703
9398557
11237677
11237677
10777127
10777127
10777127
11237677
11237677
9792558
2630685
4274991
9398557
9398557
9398557
9398557
11237677
10777127
10777127
9398557
9398557
9398557
10972703
11237677
9398557
8347426
2630685
4603442
10777127
10777127
10777127
11237677
11237677
9398557
9398557
9398557
9398557
10777127
10777127
10777127
10777127
9463338
2630685
4537391
10644259
10972703
10972703
10644259
10644259
10644259
10972703
10972703
10972703
10972703
10972703
10644259
10644259
9330982
2762013
4603442
11237677
11237677
11237677
11237677
9398557
11237677
9398557
9398557
9398557
9398557
9398557
10777127
10972703
9792558
2827807
4537649
9398557
10972703
11237677
11237677
11237677
11237677
9398557
11237677
10777127
10777127
9398557
9398557
9398557
8347426
2762270
4603442
9792558
8347426
8347426
8347426
9792558
9792558
8347426
9792558
9792558
8347426
9463338
9792558
9792558
8675887
2827807
2762013
2762013
2762013
2893085
2762014
2762014
2893085
2762014
2762013
2762013
2762013
2762014
2564894
2762014
2762014
2170135
4603442
4274991
4274991
4274991
4274991
4603442
4603442
4537649
4274991
4603442
4603442
4603442
4603442
4603442
4603442
3354149
4603442
11237677
10777127
10972703
10777127
10777127
9398557
9398557
9398557
9398557
9398557
10777127
9398557
10777127
11237677
2630685
4603442
11237677
9398557
9398557
9398557
9398557
10777127
10777127
10777127
11237677
11237677
10777127
10972703
11237677
11237677
2630685
4471856
10644259
10644259
10972703
10972703
10972703
8935705
5520918
5520918
8935705
10644259
10644259
10644259
10644259
10972703
2762013
4603442
8347426
8347426
8347426
8347426
9792558
7952421
13487565
10855845
5520918
8347426
9593635
9463338
9463338
9463338
2827807
4274991
3354149
3551013
3551270
3551270
3551270
2893599
12763842
8816262
2893598
3551270
3551270
3354149
3354149
3354149
2038807
4603442
7821872
7821872
7558702
7821872
7821872
6375719
10855845
7763574
4535578
7689257
7821872
7821872
7821872
7821872
2827807
4537391
9593635
9330982
9330982
9330982
9330982
7556894
9539985
7763574
7819292
9330982
9330982
9330982
9330982
8543014
2762013
4603442
11237677
11237677
11237677
11237677
10972703
9398557
11237677
11237677
10777127
10777127
10777127
11237677
11237677
9792558
2630685
4274991
9398557
9398557
9398557
9398557
11237677
10777127
10777127
9398557
9398557
9398557
10972703
11237677
9398557
8347426
2630685
4603442
10777127
10777127
10777127
11237677
11237677
9398557
9398557
9398557
9398557
10777127
10777127
10777127
10777127
9463338
2630685
4537391
10644259
10972703
10972703
10644259
10644259
10644259
10972703
10972703
10972703
10972703
10972703
10644259
10644259
9330982
2762013
4603442
11237677
11237677
11237677
11237677
9398557
11237677
9398557
9398557
9398557
9398557
9398557
10777127
10972703
9792558
2827807
4537649
9398557
10972703
11237677
11237677
11237677
11237677
9398557
11237677
10777127
10777127
9398557
9398557
9398557
8347426
2762270
4603442
9792558
8347426
8347426
8347426
9792558
9792558
8347426
9792558
9792558
8347426
9463338
9792558
9792558
8675887
2827807
2762013
2762013
2762013
2893085
2762014
2762014
2893085
2762014
2762013
2762013
2762013
2762014
2564894
2762014
2762014
2170135
9408399
9408399
9408399
9408399
7631988
7631988
7631988
8355711
7631988
6842472
7631988
7631988
8355711
8355711
8355711
8355711
8355711
8355711
7631988
8355711
10252320
8355711
8355711
6842472
8355711
8355711
8355711
6842472
6842472
6052956
8355711
7631988
8355711
7631988
6842472
6842472
9408399
6842472
6052956
10252320
6842472
7631988
7631988
6052956
6052956
10252320
10252320
8355711
8355711
9408399
9408399
8355711
6842472
6052956
10252320
15441166
10252320
7631988
8355711
6052956
10252320
15441166
10252320
7631988
7631988
8355711
8355711
6842472
6052956
10252320
15441166
16576075
10252320
6842472
9408399
9408399
15441166
15441166
10658466
8355711
8355711
9408399
8355711
6842472
15441166
16576075
16576075
16777141
15441166
7631988
7631988
6842472
10658466
10658466
7631988
9408399
7631988
8355711
8355711
9408399
10658466
15441166
16576075
15441166
10252320
10658466
7631988
7631988
8355711
8355711
8355711
8355711
7631988
7631988
6842472
6842472
7631988
10658466
15441166
10658466
10658466
8355711
7631988
7631988
7631988
15441166
10252320
8355711
9408399
6842472
10252320
15441166
9408399
10658466
10252320
10658466
9408399
9408399
8355711
8355711
6842472
8355711
8355711
7631988
8355711
7631988
15441166
16576075
10658466
8355711
10658466
9408399
9408399
8355711
6052956
6052956
6052956
6842472
9408399
8355711
6842472
9408399
10658466
10658466
9408399
7631988
6842472
6842472
7631988
6052956
10252320
10252320
15441166
6842472
6842472
7631988
8355711
8355711
6842472
6842472
6842472
9408399
9408399
8355711
6842472
10252320
15441166
15441166
16777141
16576075
10252320
6842472
8355711
7631988
10252320
10252320
15441166
7631988
8355711
10252320
7631988
10658466
15441166
16576075
16576075
10658466
10658466
7631988
9408399
10252320
15441166
16576075
16777141
16576075
9408399
10658466
7631988
8355711
10252320
15441166
10658466
7631988
7631988
9408399
8355711
7631988
10658466
15441166
16576075
9408399
8355711
8355711
8355711
8355711
10658466
10658466
9408399
9408399
15441166
9408399
8355711
8355711
8355711
9408399
10658466
8355711
7631988
7631988
8355711
9408399
9408399
8355711
8355711
7631988
8355711
8355711
9408399
8355711
8355711
8355711
8355711
7631988
7631988
8355711
7631988
6842472
7631988
7631988
7631988
7631988
9408399
9408399
8355711
8355711
7631988
6842472
6842472
8355711
8355711
9408399
9408399
8355711
7825231
8942677
8942677
7825231
8355711
7631988
8355711
7631988
8942677
11505271
8942677
7631988
8355711
6842472
7631988
7631988
8355711
8942677
11505271
8355711
8355711
8355711
8355711
8942677
11505271
14200723
9408399
8355711
7631988
6842472
6842472
6842472
7631988
8355711
8355711
7631988
7631988
7631988
7631988
9408399
9408399
9408399
7631988
6842472
6842472
8942677
8942677
11505271
11505271
8942677
6842472
6842472
7631988
8355711
8355711
9408399
8355711
8355711
8942677
11505271
14200723
14200723
14860458
14200723
11505271
8355711
7631988
8942677
11505271
9408399
7631988
8355711
8355711
9408399
9408399
9408399
11505271
14200723
14200723
9408399
8355711
7631988
8355711
9408399
9408399
8355711
7631988
7631988
8355711
6842472
6842472
7631988
9408399
9408399
9408399
8355711
7631988
6842472
6842472
8355711
8355711
8355711
9408399
9408399
6842472
8942677
11505271
6842472
6842472
7631988
8355711
7825231
8942677
11505271
7825231
7631988
8355711
7631988
8355711
9408399
7825231
11505271
11505271
14200723
14200723
9408399
8355711
9408399
11505271
14200723
9408399
9408399
9408399
8355711
6842472
8355711
9408399
9408399
14200723
14860458
9408399
6842472
7631988
8355711
9408399
9408399
8355711
7631988
7631988
7631988
8355711
8355711
8355711
8355711
9408399
9408399
8355711
9408399
8355711
8355711
8355711
7825231
8942677
9408399
8355711
9408399
8355711
7631988
6842472
7631988
8942677
11505271
9408399
7631988
7825231
8942677
11505271
14200723
14200723
11505271
8942677
7631988
9408399
8942677
11505271
7631988
8355711
9408399
8355711
7631988
9408399
11505271
14200723
14860458
11505271
9408399
9408399
8355711
8355711
9408399
8942677
7825231
7631988
8355711
8355711
8355711
8355711
9408399
9408399
9408399
9408399
8355711
8355711
8355711
8355711
8355711
9408399
9408399
8355711
8355711
7631988
7631988
8355711
8355711
9408399
9408399
8355711
7631988
8355711
8355711
9408399
9408399
9408399
9408399
8355711
7631988
7631988
8355711
7631988
6842472
7631988
7631988
8355711
8355711
8355711
8355711
8355711
8355711
7631988
8355711
7631988
8355711
6052956
6052956
6052956
8355711
8355711
6842472
6842472
6052956
8355711
7631988
8355711
7631988
6842472
6842472
7631988
6052956
2434341
3750966
3552822
6052956
7631988
8355711
3026478
3552822
8355711
8355711
8355711
6052956
7631988
7631988
8355711
3026478
3750966
3552822
4803391
3026478
2434341
8355711
8355711
7631988
7631988
7631988
7631988
2434341
3552822
7631988
7631988
7631988
6052956
3026478
2434341
2434341
6052956
7631988
7631988
7631988
8355711
8355711
8355711
9408399
9408399
8355711
7631988
8355711
9408399
9408399
9408399
7631988
7631988
6052956
6052956
6842472
7631988
9408399
7631988
9408399
8355711
7631988
6052956
7631988
7631988
7631988
8355711
7631988
3750966
3026478
3750966
6052956
8355711
8355711
7631988
6052956
7631988
6052956
2434341
3750966
3026478
6052956
8355711
8355711
6052956
3750966
4803391
8355711
9408399
9408399
9408399
7631988
8355711
2434341
3750966
4803391
3552822
3026478
8355711
7631988
8355711
7631988
7631988
7631988
8355711
7631988
8355711
9408399
7631988
6052956
3026478
3552822
6052956
7631988
7631988
9408399
9408399
8355711
8355711
6052956
6052956
8355711
6842472
8355711
9408399
7631988
6052956
6052956
8355711
7631988
8355711
7631988
7631988
7631988
6052956
2434341
3750966
6842472
8355711
8355711
6052956
6052956
7631988
6052956
8355711
8355711
7631988
8355711
6052956
6052956
7631988
7631988
7631988
7631988
8355711
6052956
2434341
4803391
3552822
2434341
2434341
9408399
9408399
6052956
4803391
3750966
2434341
7631988
6842472
6842472
9408399
7631988
6052956
3750966
2434341
6052956
7631988
7631988
7631988
6052956
3552822
2434341
6052956
7631988
7631988
8355711
8355711
7631988
7631988
7631988
8355711
8355711
3552822
3026478
8355711
8355711
6052956
8355711
8355711
8355711
9408399
9408399
8355711
8355711
7631988
7631988
7631988
8355711
9408399
7631988
8355711
9408399
9408399
8355711
8355711
7631988
8355711
8355711
1643532
920326
920326
1643532
4268814
7551264
7551264
7551264
7551264
7551264
7551264
4268814
1709325
920326
1709325
1643532
920326
12359778
12359778
4268814
10377522
11430204
11430204
11430204
11430204
11430204
11430204
10377522
4268814
12359778
12359778
920326
920326
12359778
4268814
11430204
11430204
11430204
11430204
11430204
11430204
11430204
11430204
11430204
11430204
4268814
12359778
920326
1643532
4268814
11430204
5584932
4926232
5584932
5584932
5584932
4926232
4926232
4926232
4926232
5584932
11430204
4268814
1643532
4268814
10377522
11430204
5584932
10377522
11430204
5584932
11430204
11430204
4926232
11430204
11430204
5584932
11430204
10377522
4268814
7551264
11430204
11430204
5584932
11430204
11430204
4926232
10377522
11430204
5584932
10377522
11430204
5584932
11430204
11430204
7551264
7551264
11430204
11430204
5584932
5584932
4926232
5584932
5584932
4926232
5584932
5584932
4926232
5584932
11430204
11430204
7551264
7551264
11430204
11430204
5584932
11430204
11430204
5584932
11430204
11430204
5584932
11430204
11430204
5584932
11430204
11430204
7551264
7551264
11430204
11430204
5584932
11430204
11430204
5584932
11430204
11430204
5584932
11430204
11430204
5584932
11430204
11430204
7551264
7551264
11430204
11430204
4926232
4926232
4926232
5584932
4926232
4926232
5584932
5584932
4926232
5584932
11430204
11430204
7551264
7551264
11430204
11430204
4926232
10377522
11430204
4926232
11430204
10377522
4926232
11430204
11430204
5584932
11430204
11430204
7551264
4268814
10377522
11430204
5584932
10377522
11430204
4926232
11430204
11430204
4926232
10377522
11430204
5584932
11430204
10377522
4268814
1709325
4268814
11430204
5584932
5584932
4926232
5584932
5584932
5584932
5584932
5584932
5584932
5584932
11430204
4268814
1709325
920326
12359778
4268814
11430204
11430204
11430204
11430204
11430204
11430204
11430204
11430204
11430204
11430204
4268814
12359778
920326
1709325
12359778
12359778
4268814
10377522
11430204
11430204
11430204
11430204
11430204
11430204
10377522
4268814
12359778
12359778
1709325
1643532
1709325
920326
1709325
4268814
7551264
7551264
7551264
7551264
7551264
7551264
4268814
1643532
920326
920326
1643532
1643532
11505493
12096607
12754274
12754274
3678486
7551264
4926232
4926232
7551264
3678486
12754274
12754274
12754274
12096607
1643532
1643532
12096607
11505493
11505493
9860161
10454093
3678486
4926232
4926232
3678486
11505493
11505493
12096607
12096607
10454093
1643532
1643532
12096607
12096607
12096607
11505493
12096607
11505493
2498578
2498578
10454093
10454093
11505493
11505493
12096607
12096607
1643532
1643532
8282679
8282679
9860161
9860161
8282679
6770732
1775117
1775117
8282679
6770732
8282679
6770732
6770732
8282679
1643532
1643532
12754274
10454093
12754274
12754274
12754274
12754274
4926232
4926232
12754274
12754274
12096607
11505493
11505493
10454093
1643532
1643532
12096607
12096607
4268814
10454093
4268814
10454093
3678486
3678486
11505493
11505493
12096607
12096607
12096607
12096607
1643532
1643532
10454093
11505493
2629131
11505493
2629131
11505493
3678486
3678486
12096607
12096607
11505493
11505493
10454093
10454093
1643532
1643532
6770732
8282679
8282679
14211288
8282679
6770732
1775117
1775117
6770732
8282679
8282679
8282679
9860161
8282679
1643532
1643532
12754274
12754274
14211288
11505493
14211288
12754274
4926232
4926232
12754274
12754274
12754274
12754274
12754274
12096607
1643532
1643532
11505493
12096607
11908533
12096607
11908533
11505493
3678486
3678486
10454093
11505493
10454093
11505493
10454093
10454093
1643532
1643532
12096607
11505493
11505493
10454093
10454093
10454093
3678486
3678486
11505493
11505493
11505493
10454093
10454093
12096607
1643532
1643532
6770732
8282679
9860161
9860161
8282679
6770732
1117704
1117704
8282679
9860161
8282679
8282679
6770732
6770732
1643532
1643532
10454093
12096607
12754274
12754274
12096607
12096607
4926232
4926232
12754274
12754274
10454093
12754274
12096607
12754274
1643532
1643532
11505493
12096607
12096607
10454093
10454093
11505493
3678486
3678486
12096607
12096607
11505493
12096607
11505493
11505493
1643532
1643532
10454093
10454093
11505493
12096607
11505493
10454093
3678486
3678486
12096607
11505493
10454093
10454093
10454093
10454093
1643532
1775117
8282679
8282679
6770732
6770732
8282679
9860161
1643532
1775117
8282679
6770732
8282679
6770732
6770732
6770732
1775117
1643532
11505493
12096607
12754274
12754274
3678486
7551264
4926232
4926232
7551264
3678486
12754274
12754274
12754274
12096607
1643532
1643532
12096607
11505493
11505493
9860161
10454093
3678486
4926232
4926232
3678486
11505493
11505493
12096607
12096607
10454093
1643532
1643532
12096607
12096607
12096607
11505493
12096607
11505493
3678486
3678486
10454093
10454093
11505493
11505493
12096607
12096607
1643532
1643532
8282679
8282679
9860161
9860161
8282679
6770732
1775117
1775117
8282679
6770732
4268814
4268814
4268814
8282679
1643532
1643532
12754274
10454093
12754274
12754274
12754274
12754274
4926232
4926232
12754274
12754274
2629131
11505493
2629131
10454093
1643532
1643532
12096607
12096607
4268814
10454093
11505493
10454093
3678486
3678486
11505493
11505493
2629131
2629131
2629131
12096607
1643532
1643532
10454093
11505493
2629131
11505493
11505493
11505493
3678486
3678486
12096607
12096607
11908533
11908533
11908533
10454093
1643532
1643532
6770732
8282679
2629131
9860161
8282679
6770732
1775117
1775117
6770732
8282679
16777215
14211288
14211288
8282679
1643532
1643532
12754274
12754274
2629131
11505493
11505493
12754274
4926232
4926232
12754274
12754274
16777215
14211288
14211288
12096607
1643532
1643532
11505493
14211288
14211288
14211288
12096607
11505493
3678486
3678486
10454093
11505493
10454093
14211288
14211288
10454093
1643532
1643532
12096607
11908533
14211288
16777215
10454093
10454093
3678486
3678486
11505493
11505493
11505493
16777215
14211288
12096607
1643532
1643532
6770732
8282679
9860161
9860161
8282679
6770732
1117704
1117704
8282679
9860161
8282679
8282679
14211288
6770732
1643532
1643532
10454093
12096607
12754274
12754274
12096607
12096607
4926232
4926232
12754274
12754274
10454093
12754274
16777215
12754274
1643532
1643532
11505493
12096607
12096607
10454093
10454093
11505493
3678486
3678486
12096607
12096607
11505493
12096607
11505493
11505493
1643532
1643532
10454093
10454093
11505493
12096607
11505493
10454093
3678486
3678486
12096607
11505493
10454093
10454093
10454093
10454093
1643532
1775117
8282679
8282679
6770732
6770732
8282679
9860161
1643532
1775117
8282679
6770732
8282679
6770732
6770732
6770732
1775117
5262926
5262926
5262926
5262926
3947323
5262926
5262926
5262926
3947323
3947323
3947323
5262926
3947323
3947323
5262926
5262926
5262926
6118235
6842472
6842472
7829367
6842472
8750469
7829367
6842472
6842472
6842472
7829367
6842472
6842472
6118235
5262926
5262926
6118235
7829367
9539985
9539985
6118235
6842472
6118235
8750469
8750469
7829367
6842472
8750469
8750469
7829367
5262926
5262926
6842472
8750469
8750469
8750469
9539985
6118235
6842472
7829367
9539985
8750469
8750469
6842472
8750469
8750469
5262926
5262926
6118235
7829367
8750469
8750469
7829367
6118235
7829367
6842472
8750469
9539985
8750469
6118235
7829367
6842472
3947323
3947323
6118235
6118235
6842472
6842472
6118235
8750469
9539985
8750469
6842472
7829367
8750469
6842472
5262926
5262926
3947323
5262926
6842472
9539985
9539985
7829367
6842472
8750469
8750469
9539985
8750469
6842472
6842472
7829367
7829367
6118235
5262926
3947323
7829367
8750469
8750469
9539985
6842472
8750469
8750469
7829367
6118235
9539985
8750469
8750469
8750469
7829367
3947323
3947323
6842472
7829367
7829367
6842472
6118235
6118235
7829367
6118235
9539985
8750469
8750469
8750469
7829367
6842472
5262926
5262926
12961221
11579568
12961221
12961221
12961221
12961221
12961221
12961221
12961221
12961221
12961221
12961221
12961221
11053224
5262926
5262926
10329501
11053224
11053224
11579568
11053224
11579568
11579568
11579568
11579568
11579568
11579568
10329501
11579568
10329501
3947323
3947323
10329501
10329501
11053224
11053224
11053224
11053224
11053224
11053224
11053224
11053224
11053224
11053224
11053224
9539985
5262926
3947323
9539985
10329501
10329501
10329501
10329501
11053224
10329501
11053224
11053224
11053224
11053224
11053224
10329501
9539985
5262926
5262926
8355711
9539985
10329501
9539985
10329501
10329501
10329501
10329501
11053224
10329501
9539985
10329501
9539985
8355711
5262926
5262926
6842472
6842472
7829367
7829367
6842472
7829367
7829367
7829367
7829367
7829367
7829367
6842472
6842472
6842472
5262926
5262926
5262926
5262926
5262926
3947323
5262926
5262926
5262926
3947323
3947323
3947323
3947323
5262926
5262926
5262926
5262926
5262926
5262926
5262926
5262926
3947323
5262926
5262926
5262926
3947323
3947323
3947323
5262926
3947323
3947323
5262926
5262926
5262926
6842472
6842472
7829367
7829367
6842472
7829367
6842472
7829367
7829367
6842472
7829367
6842472
7829367
6118235
5262926
3947323
6118235
7829367
9539985
7829367
8750469
6842472
7829367
8750469
9539985
8750469
9539985
7829367
6842472
7829367
5262926
5262926
6842472
8750469
8750469
3947323
2171169
2171169
2171169
2171169
2171169
2171169
3947323
8750469
7829367
6842472
5262926
5262926
7829367
8750469
3947323
1118481
1118481
1118481
1118481
1118481
1118481
1118481
1118481
3947323
7829367
6118235
3947323
3947323
7829367
6842472
1118481
1118481
1118481
2171169
2171169
2171169
2171169
1118481
1118481
1118481
9539985
6118235
3947323
5262926
7829367
6842472
1118481
1118481
3947323
3947323
3947323
3947323
3947323
3947323
1118481
1118481
9539985
6118235
5262926
3947323
7829367
9539985
11053224
11053224
11579568
11579568
11579568
11579568
11579568
11579568
11053224
11053224
9539985
7829367
3947323
3947323
7829367
8750469
7829367
6842472
6118235
7829367
6842472
6118235
6842472
7829367
6842472
7829367
6842472
6842472
5262926
5262926
12961221
11579568
12961221
12961221
12961221
12961221
12961221
12961221
12961221
12961221
12961221
12961221
12961221
11053224
5262926
5262926
11053224
11053224
11053224
11579568
11053224
8750469
8750469
8750469
8750469
11053224
11579568
11053224
11579568
10329501
3947323
5262926
10329501
11053224
9539985
6118235
2171169
1118481
1118481
1118481
1118481
2171169
6118235
9539985
11053224
10329501
5262926
5262926
9539985
9539985
5262926
1118481
1118481
1118481
1118481
1118481
1118481
1118481
1118481
5262926
7829367
10329501
5262926
5262926
7829367
9539985
1118481
1118481
1118481
2171169
2171169
2171169
2171169
1118481
1118481
1118481
10329501
9539985
5262926
3947323
9539985
7829367
1118481
2171169
2171169
2171169
2171169
2171169
2171169
2171169
2171169
1118481
7829367
10329501
3947323
3947323
6842472
3947323
3947323
3947323
5262926
5262926
5262926
5262926
5262926
5262926
3947323
3947323
3947323
6842472
3947323
5262926
5262926
5262926
5262926
3947323
5262926
5262926
5262926
3947323
3947323
3947323
5262926
3947323
3947323
5262926
5262926
5262926
6842472
6842472
7829367
7829367
6842472
7829367
6842472
7829367
7829367
6842472
7829367
6842472
7829367
6118235
5262926
3947323
6118235
7829367
9539985
7829367
8750469
6842472
7829367
8750469
9539985
8750469
9539985
7829367
6842472
7829367
5262926
5262926
6842472
8750469
8750469
3947323
2171169
2171169
2171169
2171169
2171169
2171169
3947323
8750469
7829367
6842472
5262926
5262926
7829367
8750469
3947323
1118481
1118481
1118481
1118481
1118481
1118481
1118481
1118481
3947323
7829367
6118235
3947323
3947323
7829367
6842472
1118481
1118481
1118481
2171169
2171169
2171169
2171169
1118481
1118481
1118481
9539985
6118235
3947323
5262926
7829367
6842472
1118481
1118481
3947323
3947323
3947323
3947323
3947323
3947323
1118481
1118481
9539985
6118235
5262926
3947323
7829367
9539985
11053224
11053224
11579568
11579568
11579568
11579568
11579568
11579568
11053224
11053224
9539985
7829367
3947323
3947323
7829367
8750469
7829367
6842472
6118235
7829367
6842472
6118235
6842472
7829367
6842472
7829367
6842472
6842472
5262926
5262926
12961221
11579568
12961221
12961221
12961221
12961221
12961221
12961221
12961221
12961221
12961221
12961221
12961221
11053224
5262926
5262926
11053224
11053224
11053224
11579568
11053224
8750469
8750469
8750469
8750469
11053224
11579568
11053224
11579568
10329501
3947323
5262926
10329501
11053224
9539985
6118235
2171169
1118481
1118481
1118481
1118481
2171169
16748288
9539985
11053224
10329501
5262926
5262926
9539985
9539985
5262926
16748288
1118481
12803355
16748288
16748288
12803355
16766976
16766976
5262926
7829367
10329501
5262926
5262926
7829367
9539985
1118481
16766976
16766976
16748288
16777111
16766976
16766976
16777111
16748288
1118481
10329501
9539985
5262926
3947323
9539985
7829367
12803355
16766976
16777111
16766976
16777215
16766976
16777215
16777111
16766976
12803355
7829367
10329501
3947323
3947323
6842472
3947323
16748288
16748288
16777215
16777111
16777215
16748288
16777111
16766976
16748288
16766976
3947323
6842472
3947323
13691625
13691625
13691625
13691625
13691625
13691625
13691625
13691625
13691625
13691625
13691625
13691625
13691625
13691625
13691625
11063513
13691625
0
0
0
0
0
0
0
0
0
0
0
0
0
0
11063513
13691625
0
0
0
13691625
0
0
0
0
0
0
0
0
0
0
8105655
13691625
0
0
13691625
0
0
0
0
0
0
0
0
0
0
0
8105655
13691625
0
11063513
0
0
0
0
0
0
0
0
0
0
0
0
8105655
13691625
0
0
0
0
0
0
0
0
0
0
0
0
0
0
9159117
13691625
0
0
0
0
0
0
0
0
0
0
0
0
0
0
8105655
13691625
0
0
0
0
0
0
0
0
0
0
0
0
0
0
9159117
13691625
0
0
0
0
0
0
0
0
0
0
0
0
0
0
9159117
13691625
0
0
0
0
0
0
0
0
0
0
0
0
0
0
9159117
13691625
0
0
0
0
0
0
0
0
0
0
0
0
0
0
9159117
13691625
0
0
0
0
0
0
0
0
0
0
0
0
0
0
9159117
11063513
0
0
0
0
0
0
0
0
0
0
0
0
13691625
0
9159117
13691625
0
0
0
0
0
0
0
0
0
0
0
13691625
0
0
9159117
11063513
0
0
0
0
0
0
0
0
0
0
0
0
0
0
11063513
11063513
11063513
9159117
11063513
9159117
9159117
9159117
9159117
9159117
9159117
9159117
9159117
9159117
9159117
11063513
11063513
6841448
6841448
0
12172473
0
10000792
10000792
0
7828855
7828855
6841448
10000792
0
0
12172473
7828855
10000792
0
0
0
6841448
6841448
7828855
10000792
0
10000792
7828855
10000792
0
12172473
10000792
12172473
0
0
7828855
7828855
0
10000792
10000792
7828855
12172473
0
10000792
0
0
12172473
12172473
12172473
0
10000792
7828855
6841448
6841448
0
12172473
10000792
12172473
6841448
0
0
0
0
12172473
0
10000792
7828855
10000792
7828855
0
0
10000792
12172473
0
0
0
6841448
10000792
10000792
0
0
10000792
10000792
7828855
0
0
12172473
7828855
6841448
6841448
6841448
0
0
6841448
7828855
10000792
0
7828855
7828855
0
6841448
12172473
10000792
12172473
10000792
0
7828855
7828855
0
10000792
10000792
7828855
12172473
7828855
6841448
6841448
0
12172473
12172473
12172473
0
6841448
6841448
7828855
10000792
0
12172473
7828855
10000792
12172473
10000792
0
6841448
6841448
12172473
10000792
10000792
0
7828855
10000792
7828855
10000792
0
10000792
7828855
12172473
0
0
0
6841448
6841448
6841448
7828855
10000792
0
10000792
10000792
10000792
0
12172473
10000792
0
10000792
10000792
0
6841448
0
10000792
10000792
7828855
12172473
0
10000792
0
0
0
12172473
12172473
7828855
6841448
6841448
0
0
0
12172473
10000792
12172473
0
7828855
10000792
0
0
0
7828855
10000792
10000792
0
10000792
10000792
0
0
12172473
0
6841448
6841448
7828855
12172473
0
12172473
10000792
12172473
0
12172473
7828855
6841448
6841448
0
0
6841448
0
10000792
12172473
7828855
10000792
12172473
12172473
0
12172473
10000792
12172473
10000792
0
0
7828855
7828855
0
0
12172473
10000792
12172473
0
10000792
0
12172473
12172473
12172473
0
0
6841448
6841448
6841448
7828855
0
0
12172473
0
10000792
3102890
2772889
2772889
2772889
2640784
2640784
2640784
2772889
2772889
2772889
2772889
2772889
3102890
3367096
3300789
3432635
2640784
2640784
2640784
2640784
2772889
2772889
2772889
2772889
2772889
2772889
2640784
2640784
2640784
2640784
2640784
2640784
2772889
2772889
2640784
2640784
2640784
2640784
2640784
2640784
2772889
2772889
3102890
3102890
3102890
2772889
2640784
2640784
2772889
2640784
2640784
2640784
2772889
3102890
3102890
2772889
2772889
2772889
3102890
3102890
2772889
2772889
2772889
2772889
2640784
2640784
2772889
2772889
2772889
2640784
2640784
2640784
2640784
2772889
2640784
2640784
2640784
2772889
2772889
2772889
2640784
2640784
2772889
2640784
2772889
2772889
3102890
2772889
2772889
2772889
3102890
2772889
2772889
2640784
2640784
2640784
3102890
2772889
2772889
2772889
2772889
2772889
2772889
2772889
2772889
2772889
2772889
2772889
3367096
3367096
4093152
3102890
3367096
3300789
3367096
2772889
2772889
2772889
3102890
2772889
2772889
2772889
2772889
2772889
2772889
2772889
3102890
3102890
4093152
4093152
3367096
3102890
3367096
4093152
3367096
3102890
2772889
3102890
2772889
3102890
3102890
2772889
2772889
3367096
2640784
2640784
2640784
2640784
2640784
2640784
2640784
2640784
2640784
2640784
2640784
2640784
2640784
2772889
2640784
2640784
2772889
2640784
2640784
2640784
2640784
2772889
2640784
2640784
2640784
2772889
2772889
3102890
2772889
2772889
2772889
2772889
2640784
2640784
2640784
2640784
2640784
2640784
2640784
2640784
2640784
2640784
2640784
2640784
2640784
2640784
2640784
2772889
2640784
2640784
2640784
2640784
2640784
2640784
2640784
2640784
2640784
2640784
2640784
2772889
2640784
2640784
2640784
2640784
2772889
2640784
2640784
2640784
2640784
2772889
2772889
2772889
2772889
2772889
3102890
3102890
2772889
2640784
2772889
2640784
2640784
2640784
2640784
2640784
2640784
2640784
2640784
2772889
2772889
3102890
4093152
4093152
3300789
3102890
2772889
2640784
2772889
3102890
2772889
2772889
3367096
4026844
4026844
3102890
2772889
2772889
3102890
2772889
2772889
2772889
2772889
2772889
0
0
0
0
0
0
0
0
0
0
0
0
0
0
0
0
0
0
0
0
0
0
0
0
0
0
0
0
0
0
0
0
0
0
0
0
0
0
0
0
0
0
0
0
0
0
0
0
0
0
0
0
0
0
0
0
0
0
0
0
0
0
0
0
0
0
0
0
0
0
0
0
0
0
0
0
0
0
0
0
0
0
0
0
0
0
0
0
0
0
0
0
0
0
0
0
0
0
0
0
0
0
0
16766976
16748288
0
0
0
0
0
0
0
0
0
0
0
0
0
0
16777111
16777215
0
0
0
0
0
0
0
0
0
0
0
0
0
0
10452816
7165750
0
0
0
0
0
0
0
0
0
0
0
0
0
0
9794886
5588270
0
0
0
0
0
0
0
0
0
0
0
0
0
0
10452816
4338978
0
0
0
0
0
0
0
0
0
0
0
0
0
0
10452816
5588270
0
0
0
0
0
0
0
0
0
0
0
0
0
0
9794886
5588270
0
0
0
0
0
0
0
0
0
0
0
0
0
0
7165750
4010013
0
0
0
0
0
0
0
0
0
0
0
0
0
0
10452816
3878427
0
0
0
0
0
0
0
0
0
0
0
0
0
0
7165750
3615255
0
0
0
0
0
0
0
11625037
11625037
10180163
9137767
13002833
13002833
13002833
11625037
11625037
11625037
10180163
10651261
13002833
11625037
11625037
11625037
10180163
10180163
9392191
10651261
8144182
9392191
10180163
10180163
10180163
10180163
9392191
10651261
8144182
10180163
10180163
10180163
8144182
7552817
7552817
11113613
7552817
7552817
9392191
9392191
8144182
7552817
7552817
10651261
7552817
9392191
8144182
8144182
9137767
9137767
10651261
11113613
10651261
9137767
9137767
9137767
9137767
10651261
10651261
11113613
10651261
9137767
9137767
9137767
13002833
13002833
11625037
11625037
10180163
11625037
10180163
10651261
13002833
11625037
11625037
11625037
10180163
11625037
10180163
9137767
8144182
10180163
10180163
10180163
10180163
9392191
8144182
10651261
8144182
9392191
9392191
9392191
9392191
9392191
8144182
10651261
8144182
9392191
10180163
8144182
8144182
8144182
7552817
11113613
7552817
7552817
8144182
9392191
9392191
8144182
7552817
10651261
10651261
9137767
9137767
9137767
9137767
10651261
10651261
11113613
10651261
10651261
9137767
9137767
9137767
9137767
10651261
11113613
11625037
11625037
10180163
10651261
13002833
13002833
13002833
11625037
10180163
11625037
10180163
10651261
13002833
13002833
11625037
11625037
10180163
10180163
9392191
10651261
9392191
10180163
10180163
10180163
10180163
10180163
8144182
10651261
9392191
10180163
10180163
10180163
8144182
8144182
7552817
10651261
8144182
8144182
9392191
9392191
8144182
8144182
7552817
11113613
8144182
9392191
9392191
9392191
9137767
10651261
10651261
11113613
10651261
9137767
9137767
9137767
9137767
9137767
10651261
11113613
10651261
9137767
9137767
9137767
10180163
11625037
11625037
11625037
10180163
11625037
10180163
9137767
13002833
11625037
11625037
11625037
10180163
11625037
10180163
10651261
8144182
10180163
10180163
10180163
10180163
10180163
9392191
10651261
9392191
10180163
10180163
10180163
10180163
10180163
8144182
10651261
7552817
8144182
8144182
8144182
8144182
8144182
7552817
11113613
7552817
8144182
8144182
8144182
8144182
8144182
7552817
11113613
10651261
9137767
9137767
9137767
9137767
9137767
10651261
11113613
10651261
10651261
9137767
9137767
9137767
10651261
11113613
11113613
